0.444 0.621 -0.104 1
0.897 0.746 -1.442 2
0.824 1.05 -0.433 1
0.411 1.501 -0.088 1
-0.659 0.667 0.248 3
0.981 1.848 -0.805 1
-0.555 1.725 0.168 3
-0.523 0.097 -1.852 2
-0.942 0.507 -1.336 2
-0.891 0.892 0.545 3
0.382 0.209 -1.924 2
0.269 0.697 -0.037 1
0.598 1.48 -0.199 1
-0.764 1.361 -1.645 2
0.784 1.245 1.621 4
0.681 1.421 1.732 4
0.982 0.41 1.189 4
0.007 0.683 -2 2
0.497 1.352 -1.868 2
-0.339 1.758 -1.941 2
-0.98 1.087 -1.2 2
0.317 0.565 -1.949 2
-0.355 0.06 0.065 3
0.477 1.421 -1.879 2
0.44 0.016 1.898 4
0.968 0.745 -0.751 1
0.218 1.061 1.976 4
-0.867 1.844 -1.498 2
0.204 0.179 -0.021 1
-0.72 0.812 0.306 3
-0.797 0.049 1.604 4
0.529 0.685 -1.849 2
-0.402 1.244 0.084 3
0.601 0.558 -0.201 1
0.984 0.419 1.176 4
0.895 0.231 -0.554 1
0.871 1.154 -0.508 1
0.892 1.391 -0.548 1
-0.863 1.344 -1.506 2
0.99 1.898 -1.142 1
-0.97 0.005 0.756 3
-0.559 1.294 0.171 3
0.958 1.201 -1.288 1
0.843 1.177 1.538 4
1 1.926 -1.001 1
0.999 0.034 -1.037 1
-0.4 1.393 1.916 4
0.348 1.627 1.937 4
-0.986 1.02 1.168 3
-0.959 0.668 0.718 3
0.614 1.582 -0.211 1
-0.547 0.194 0.163 3
-0.994 0.884 -1.109 2
0.572 1.04 1.82 4
-0.387 1.388 1.922 4
0.05 0.182 1.999 4
0.992 0.456 -0.873 1
-0.729 0.821 1.685 4
-0.312 1.247 0.05 3
-0.669 1.774 1.743 4
0.072 1.238 1.997 4
0.506 0.267 1.863 4
0.995 1.961 -0.903 1
0.265 1.744 1.964 4
-0.278 1.005 1.961 4
-0.945 1.845 0.673 3
0.116 1.083 -1.993 2
0.61 1.847 1.793 4
-0.043 1.66 -1.999 2
0.617 1.937 1.787 4
-0.975 1.84 -1.22 2
-0.291 0.072 0.043 3
-0.976 0.35 -1.217 2
0.835 0.778 -0.45 1
0.775 1.904 -1.632 2
0.933 0.6 1.361 4
-0.889 0.321 1.458 4
0.424 1.773 1.906 4
-0.939 0.893 1.343 3
0.437 1.816 1.9 4
-0.99 0.32 1.144 3
-0.723 1.322 0.309 3
0.823 0.881 1.568 4
0.971 0.153 -1.241 1
0.587 1.393 -0.191 1
-0.802 0.495 1.597 4
0.217 0.079 -0.024 1
0.633 0.12 1.774 4
0.656 0.122 -0.245 1
-0.786 1.815 -1.618 2
-0.99 1.48 1.139 3
1 1.796 -1.007 1
0.323 1.345 1.946 4
0.892 1.058 -1.451 2
-0.916 0.609 1.402 3
-0.155 1.996 1.988 4
0.728 0.724 -0.314 1
0.982 0.941 1.188 4
0.041 0.756 -1.999 2
0.999 1.959 1.044 4
0.994 0.349 -1.105 1
-0.827 0.656 1.562 4
0.799 1.361 -1.602 2
-0.937 0.126 -1.349 2
-0.699 1.214 1.715 4
0.658 0.955 -0.247 1
0.763 0.568 -0.353 1
0.63 0.477 -0.223 1
-0.507 1.029 1.862 4
-0.902 0.736 -1.431 2
-0.478 0.913 0.122 3
-0.123 0.675 -1.992 2
0.953 1.941 -1.304 1
-0.943 0.267 1.332 3
0.183 0.194 -1.983 2
-0.828 0.687 0.439 3
-0.435 1.182 -1.9 2
0.693 1.318 -0.279 1
-0.441 0.795 -1.898 2
0.97 1.999 -1.241 1
0.851 0.704 -1.525 2
0.012 1.443 0 1
-0.916 1.275 -1.402 2
0.977 1.626 -0.788 1
-0.658 1.952 0.247 3
0.843 1.78 -0.462 1
0.984 1.529 1.18 4
-0.956 1.396 1.295 3
0.998 0.671 -0.939 1
-0.918 0.295 1.396 3
0.897 0.125 -0.557 1
-0.622 0.484 0.217 3
0.29 0.865 1.957 4
-0.946 1.044 1.324 3
0.613 1.546 -0.21 1
0.756 1.917 -0.345 1
0.645 0.235 -0.235 1
0.992 0.214 -0.873 1
0.991 1.179 -0.863 1
-0.602 1.491 0.202 3
-0.561 1.696 -1.828 2
-0.948 1.872 0.683 3
-0.568 1.967 0.177 3
-0.525 0.8 -1.851 2
0.253 0.761 -1.967 2
0.939 0.296 -1.344 1
0.586 1.37 1.81 4
-0.726 1.314 -1.688 2
0.901 1.724 -1.434 2
-1 0.195 -1.011 2
0.162 0.996 1.987 4
-0.322 1.162 -1.947 2
0.039 0.483 1.999 4
0.886 0.338 -0.537 1
0.393 1.719 1.92 4
-0.138 0.117 -1.99 2
0.243 0.941 -1.97 2
0.606 0.232 -0.205 1
-0.767 0.914 0.359 3
0.795 1.96 1.607 4
0.958 0.847 -1.286 1
-0.424 1.714 0.094 3
0.867 0.235 -1.499 2
-0.306 0.543 -1.952 2
-0.974 0.808 -1.229 2
-0.21 0.8 -1.978 2
0.994 1.343 1.11 4
-0.969 0.689 0.752 3
0.827 1.428 -1.562 2
-0.047 1.278 1.999 4
0.197 0.798 -0.02 1
0.872 0.864 1.49 4
-0.309 1.229 1.951 4
0.985 0.14 1.174 4
0.365 1.645 -1.931 2
-0.514 1.307 1.858 4
-0.994 1.453 0.887 3
-0.779 1.074 -1.627 2
0.937 0.221 -1.348 1
0.955 0.81 1.296 4
0.019 0.811 2 4
0.911 0.642 -0.587 1
0.665 0.06 -0.253 1
-0.622 1.475 1.783 4
-0.814 0.22 -1.581 2
0.879 1.213 -0.523 1
0.33 1.406 -0.056 1
0.75 1.27 -0.338 1
0.826 1.918 -1.563 2
-0.98 0.207 1.2 3
-0.819 1.734 0.426 3
-0.396 0.058 1.918 4
-0.183 1.07 1.983 4
-0.866 0.808 -1.501 2
0.773 1.048 -1.634 2
-0.09 0.73 0.004 3
-0.542 0.381 1.841 4
-0.736 0.038 1.677 4
0.854 1.036 1.52 4
-0.579 1.686 0.185 3
-0.979 0.746 1.202 3
0.961 0.446 -1.276 1
-0.914 0.161 0.593 3
-0.122 0.171 1.993 4
0.973 0.443 1.231 4
0.806 0.2 1.592 4
0.993 0.53 -1.12 1
-0.423 0.132 0.094 3
0.338 0.131 -0.059 1
-0.562 1.713 -1.827 2
-0.996 0.324 -1.091 2
-0.456 1.119 1.89 4
0.999 1.547 -0.966 1
-0.79 0.913 1.613 4
0.981 0.307 1.193 4
0.649 0.399 -1.761 2
-0.992 0.866 1.125 3
-0.89 1.056 0.545 3
0.74 0.699 -0.327 1
0.022 1.563 -2 2
0.938 1.502 -0.652 1
-0.362 1.854 -1.932 2
-0.845 0.058 1.534 4
0.326 1.791 -1.945 2
-0.178 0.785 1.984 4
-0.903 1.757 -1.43 2
0.981 1.382 -1.195 1
-0.444 1.975 1.896 4
-0.879 1.519 -1.476 2
0.823 0.729 -1.569 2
-0.733 1.002 1.68 4
-0.426 0.753 1.905 4
0.171 0.73 -0.015 1
0.971 0.522 1.24 4
-0.375 0.992 1.927 4
-0.652 1.363 0.242 3
-0.927 0.555 0.625 3
-0.337 1.049 0.058 3
-0.865 0.235 1.501 4
0.73 0.32 -0.316 1
-0.284 0.094 -1.959 2
0.447 1.941 1.895 4
0.163 0.008 -0.013 1
0.32 0.357 1.947 4
0.89 1.226 -1.456 2
-0.83 0.163 0.443 3
0.578 1.764 -0.184 1
-0.156 1.439 1.988 4
0.204 1.933 1.979 4
-0.112 1.015 0.006 3
-0.978 0.601 0.792 3
-0.847 1.099 -1.532 2
0.598 1.862 -1.802 2
0.716 1.042 -1.698 2
-0.616 0.534 -1.788 2
0.707 1.755 1.708 4
0.472 0.744 -0.119 1
0.715 0.003 -0.301 1
-0.936 0.495 -1.351 2
-0.926 0.636 1.378 3
-0.643 1.718 1.766 4
0.586 0.917 1.811 4
0.988 0.889 1.154 4
-0.787 0.672 -1.616 2
1 1.761 -1.031 1
0.439 1.89 -1.899 2
-0.884 1.984 1.467 4
0.727 0.753 -0.314 1
0.824 1.932 1.567 4
-0.135 1.584 0.009 3
-0.978 1.351 -1.211 2
-0.396 0.49 -1.918 2
-0.999 0.433 0.955 3
-0.935 0.332 -1.354 2
-0.575 1.846 1.818 4
-0.888 0.588 -1.46 2
-0.851 0.906 -1.525 2
0.316 0.988 -1.949 2
0.942 1.556 -0.665 1
-0.376 1.688 -1.926 2
-0.929 0.278 1.371 3
-0.147 0.854 -1.989 2
0.896 1.686 -0.556 1
0.992 1.636 1.124 4
-0.991 0.205 0.869 3
0.174 0.313 1.985 4
-0.985 0.608 -1.17 2
-0.202 0.151 0.021 3
-0.025 0.849 0 3
0.967 0.215 -0.746 1
-0.945 1.136 0.674 3
0.277 0.493 1.961 4
0.106 1.193 -1.994 2
-0.217 0.235 1.976 4
0.106 1.952 -0.006 1
-0.517 1.865 1.856 4
0.604 0.784 1.797 4
-0.269 0.484 -1.963 2
-0.968 0.501 -1.252 2
-0.933 0.967 -1.361 2
-0.637 0.08 -1.771 2
0.53 1.279 -1.848 2
-1 0.817 1.002 3
0.722 0.755 1.692 4
-0.767 1.619 0.358 3
-0.579 1.418 1.815 4
0.317 1.909 1.949 4
0.876 0.704 1.483 4
0.85 1.795 -1.527 2
0.994 1.54 1.107 4
0.558 0.715 -1.83 2
0.185 1.243 1.983 4
0.732 0.577 1.681 4
0.664 1.749 1.748 4
0.999 0.225 -1.051 1
-0.676 0.425 1.737 4
-0.681 0.366 0.268 3
0.515 0.806 -0.143 1
-0.254 1.49 -1.967 2
0.842 1.054 -1.539 2
-0.829 0.975 1.56 4
0.326 0.001 1.946 4
0.867 0.851 1.499 4
-0.956 0.127 1.295 3
-0.783 0.417 1.622 4
-0.402 1.865 0.084 3
0.988 0.431 -1.156 1
0.963 1.717 -1.27 1
-0.892 1.606 1.452 4
-0.905 0.318 0.575 3
-0.136 1.211 1.991 4
0.41 0.231 -1.912 2
0.86 1.456 1.511 4
0.959 1.275 -1.282 1
0.492 1.624 -1.87 2
0.503 0.959 -1.864 2
-0.767 1.83 1.642 4
-0.928 0.099 0.628 3
0.735 0.586 -0.322 1
-0.842 1.43 1.54 4
-0.938 0.836 0.654 3
-0.282 0.346 1.959 4
-0.369 0.214 0.071 3
0.913 1.635 1.408 4
0.311 0.946 -1.95 2
0.748 1.765 1.663 4
0.177 1.467 -0.016 1
-0.969 0.819 1.247 3
0.667 0.747 -0.255 1
-0.928 1.031 -1.373 2
0.98 1.778 -0.802 1
0.945 1.475 1.327 4
-0.61 0.01 0.208 3
0.094 1.388 -0.004 1
0.334 1.839 -0.058 1
0.99 1.421 -1.138 1
-0.865 0.354 1.501 4
0.349 0.967 1.937 4
-0.848 0.281 0.469 3
-0.917 0.718 -1.399 2
-0.192 1.874 1.981 4
-0.618 1.847 -1.786 2
0.401 0.566 -0.084 1
-0.395 0.679 0.081 3
-0.443 1.2 -1.896 2
-0.38 1.926 0.075 3
0.857 0.296 -1.516 2
-0.814 0.514 0.42 3
-0.618 1.747 -1.786 2
0.976 0.984 -1.218 1
0.952 1.798 -1.306 1
-0.999 0.371 1.053 3
0.661 1.065 -1.751 2
0.959 0.653 -0.716 1
-0.638 0.633 1.77 4
0.058 0.894 1.998 4
0.341 0.866 -1.94 2
-0.927 0.715 -1.375 2
-0.384 1.83 0.077 3
0.756 1.463 -0.346 1
-0.228 1.455 -1.974 2
-0.392 0.58 0.08 3
-0.899 1.155 -1.438 2
0.655 1.558 -0.244 1
0.118 1.591 -1.993 2
-0.653 0.689 -1.757 2
0.167 1.542 -1.986 2
0.068 1.472 1.998 4
0.937 0.283 -0.652 1
-0.818 1.732 0.424 3
0.83 0.883 1.557 4
-0.656 0.973 0.246 3
-0.763 0.897 1.647 4
-0.147 1.136 -1.989 2
0.951 1.242 1.309 4
-0.926 0.996 -1.377 2
-0.979 1.734 0.794 3
-0.976 1.255 0.781 3
0.988 0.803 1.153 4
-0.174 0.833 1.985 4
-0.802 1.622 0.403 3
-0.786 0.696 -1.618 2
0.591 0.423 1.807 4
-0.87 0.119 -1.493 2
-0.334 1.752 -1.943 2
-0.419 1.837 0.092 3
-0.998 0.24 1.062 3
-0.583 0.669 1.812 4
0.881 0.351 -0.528 1
0.952 0.232 1.307 4
0.989 1.8 1.147 4
-0.622 0.114 0.217 3
0.801 1.961 1.598 4
-0.72 0.193 1.694 4
-0.491 1.727 1.871 4
-0.728 1.133 1.686 4
0.329 0.736 1.944 4
0.994 0.685 1.113 4
0.464 1.515 1.886 4
0.899 0.629 -0.561 1
-0.971 1.315 -1.24 2
-0.996 1.035 -1.091 2
-0.756 0.97 0.345 3
0.035 1.802 1.999 4
0.966 1.109 -0.74 1
-0.091 1.654 0.004 3
-0.995 1.451 -1.1 2
0.816 0.077 1.577 4
0.455 1.546 -1.891 2
-0.912 0.434 1.411 3
-0.648 1.806 1.762 4
0.999 0.086 -0.961 1
-0.68 0.666 1.733 4
1 0.199 -0.992 1
0.162 0.951 -0.013 1
-0.656 1.64 0.245 3
0.493 0.596 -0.13 1
-0.906 0.302 1.422 4
0.93 0.661 -1.367 1
-0.719 1.628 0.305 3
-0.967 0.281 0.746 3
0.044 0.455 -1.999 2
-0.76 0.138 -1.65 2
0.907 1.411 1.42 4
-0.582 0.79 1.813 4
-0.99 0.622 0.857 3
0.172 1.437 -1.985 2
-0.991 0.672 -1.136 2
-0.958 1.456 -1.288 2
-0.625 1.63 -1.781 2
-0.941 0.435 1.34 3
-0.997 1.948 -1.075 2
-0.703 0.325 1.711 4
0.542 0.582 1.84 4
-0.895 0.36 -1.446 2
-0.588 0.691 1.809 4
0.976 0.96 -1.216 1
0.853 1.044 1.523 4
0.823 1.707 -1.568 2
-0.44 1.779 -1.898 2
-0.84 0.44 1.543 4
-0.909 1.246 0.582 3
-0.926 0.223 0.623 3
0.715 0.918 -1.699 2
-0.621 0.645 1.784 4
-0.049 0.633 1.999 4
-0.46 0.965 0.112 3
-0.963 1.46 1.269 3
-0.055 0.138 -1.998 2
-0.621 1.758 1.784 4
0.023 1.47 0 1
-0.857 0.353 -1.515 2
0.953 1.878 -0.697 1
-0.315 1.013 -1.949 2
-0.845 2 -1.534 2
0.702 0.395 -1.712 2
0.952 1.07 -1.305 1
-0.955 0.58 -1.297 2
-0.999 0.608 -1.053 2
-0.439 1.182 0.101 3
0.785 1.843 1.619 4
-0.928 1.611 1.373 3
0.134 1.448 1.991 4
-0.702 1.118 0.287 3
0.327 1.845 1.945 4
0.831 0.985 -0.444 1
-0.893 1.748 0.55 3
-0.552 1.668 -1.834 2
-0.954 0.428 -1.299 2
0.428 1.542 -0.096 1
-0.852 0.024 1.524 4
0.764 0.646 -0.355 1
-0.563 0.459 -1.827 2
-0.77 1.014 0.362 3
0.471 1.474 -0.118 1
-0.836 0.195 1.549 4
-0.408 1.03 0.087 3
-0.799 1.877 0.399 3
-0.696 0.457 1.718 4
0.055 1.354 -0.002 1
