-1.031797407340747  1.5653967354509977
0.280844164834533  -2.238896332731552
0.6677157113094222  -0.7926802823764697
1.0373606969895042  0.738791677865839
-0.9093810428222958  0.17611722252697032
-0.8256324805585453  -1.8649401911562125
-0.8559883084501754  1.2879461376792225
-0.6869701293082153  -0.5791821429869308
-0.1521891270166476  2.019957718706358
1.0107384740195267  0.7902838117677298
-0.603499860020579  1.1504654905692033
0.7119276880998245  -0.6574066073133565
1.2053628686571074  -0.2555504134774586
0.09320720344006195  0.042203982224470436
-0.06463189728263967  -0.36763696742276925
-0.7048771713857083  1.0544025060616797
0.780896248878918  1.2002342402928727
-0.15481662845262692  -0.7528456125614895
-0.27563333187178046  1.8807102876755457
0.7490408787307423  -0.44734075673561846
0.19357122961290493  33.083175414584026
2.329555829579075  32.83388977870175
0.6356241356551983  33.286515374386
1.1519293388396672  35.28229448705671
0.9253061311055213  31.49413750078629
0.2773888414538187  32.0755571814967
-1.1682965160028902  34.05347765644742
1.2428090534222325  33.578580792978755
0.7503048899140546  32.918740615906614
0.9343024831463272  32.677323016769144
-0.8640719948608727  33.694575576794485
-0.07837531593176915  34.8329694821391
-0.3457683568981511  31.301190076280683
0.31964991090411454  33.44285256175782
-1.3318442681209557  33.361566861663675
-0.6560239027962783  30.596931180405022
-0.06365694475971932  34.06405291954199
-0.9364435049003628  32.0828709341229
0.31230264023247367  33.5972194348791
0.208924021270927  33.12635796360796
-0.9833772239445596  66.8076323753326
0.028702693468697433  64.80803183509211
-0.8129262220114929  67.26727564204622
0.915534598690995  67.13140780101818
1.3152534334932895  66.06717646655288
-0.7647606333401618  65.78506002809311
-0.6197038050494986  66.18821701219007
-0.5048780043437555  65.95961555828208
-2.2769230335762876  65.29326430484565
-1.4288697761778784  65.46233603639807
0.6678565929680734  65.39028952258093
0.3380515924361969  66.87811237087185
-0.4921304413214842  67.6501163099625
0.8552975767201871  65.59089968545692
-1.0484108009572368  67.59930420548646
-2.444510281835208  66.84255653391993
-0.30682971969175493  67.36793720415469
1.7888976101266192  68.99282510529001
-0.5140881514364641  67.66096091799464
-0.7414923193981819  65.94679508035902
0.4506601688317357  100.71846688649912
0.04443301590312006  101.32221775701765
0.8233629553367026  99.068901213329
-1.6751418635304238  100.36294216020956
-0.7657291412715167  100.90747344509505
-2.070533404145848  99.4414983539221
1.0983985280104474  100.97294106146823
2.1438342783055555  99.16181434082375
-0.7094986949543097  101.38155622014233
-0.7821197381184666  99.4971823777662
-0.45890887779092104  100.70330030490133
-0.731472194478958  100.81180307850659
-1.7934382204151935  100.1202139193921
2.4723053724507578  99.8764458775849
-0.48071465437824107  100.80363104110081
-0.7597910283035869  98.31360942799625
2.0130425819217264  98.34077043327186
0.49047702055209036  99.74704501692906
-0.30222226287072396  101.524576171091
2.9221214127824733  100.7368576699296
23.039031992469432  -0.46495372685018854
24.858053216573193  -0.08868556984540044
25.604777233048214  -1.7585729690446283
25.441793854895103  -0.16716156770616042
23.917268508088444  -0.6637467355736624
23.062003807001936  -1.4366651826095054
25.129873319796125  -1.489405923315249
23.14880704431453  -1.7245930611328402
27.035884521376797  -1.0806405440780902
25.30345238446922  0.18334690461029887
26.36669873878548  0.41825072985417067
24.21905342068481  0.35897071307795847
24.19787974333492  -0.39024660735263444
25.421484359877315  -0.40497497558864315
24.507607074008888  0.08830379610537227
23.300400640261227  0.16787101612930294
25.82860779123188  -0.4787076000511876
23.348644043838142  -0.6756394054337918
25.563948664223865  -0.735048585443412
25.411196322472563  1.0888676371620671
25.805143631632053  32.18292001827075
24.01554655605507  34.11751236904462
24.792709468872097  33.86418273814961
25.273484408180444  31.893723782890607
24.974660554506247  35.3573262306907
23.289718000097345  33.10660377356713
25.678380722833715  35.074106692324065
25.193234828931978  33.30110187690141
24.13892757683114  33.90774928004515
24.881302282155005  34.97873106114624
24.602047823212903  33.230622105352836
25.808624515596637  32.098511045669476
26.88743604719697  32.48965992188917
24.596352050046153  34.0769431216306
26.05788422325388  32.86287103415555
25.208607223948366  33.18658600595696
24.535306301088745  32.84309721896335
25.42443868544812  33.31599147867354
24.33158495558058  33.028712887441586
25.002053511541234  33.7493096023176
25.684922120466666  66.08571274681329
24.452479973055826  67.28681759591893
26.413151986912126  65.80522360639273
26.126685264137173  67.69958184593617
24.35216604361049  67.48093356609827
25.035362105444204  66.30524852640904
25.09276894632049  67.49059474537134
25.448639054448577  67.30371670991741
25.414887871960985  68.73402420937784
25.296053383603454  66.0121389903492
25.325416660887264  64.17715037324356
25.94235924040507  66.93604364112612
25.638075847589537  66.96720853672893
24.69965547823053  67.65682329374813
25.063704243207553  66.46702902990938
25.564637559643604  67.72117791040172
25.61991780436774  67.63257288754914
25.879922924428993  68.17391797244872
22.839093018863743  66.0611329562671
25.889680168054763  67.36801742394559
26.208994895325073  99.79449688340978
24.68073322770566  100.42431400335157
25.751888357096494  99.83744326369604
27.253163464860762  100.54164770047787
23.85276131349746  101.50940892981636
24.731102565884633  99.85633550888734
25.208574227679424  99.46908356029088
25.514368724023537  98.74263598453163
25.91030695826033  100.05915212595036
24.685214708098293  100.21533367973817
24.56654859974772  99.45358604025303
24.866962540801893  101.13738287376415
26.83525867932194  98.39322309781627
23.89072082253945  101.93055231402586
26.5397057322291  99.56894839836666
24.7552080214173  98.91258212051311
24.118206636651035  101.64930249435146
25.930736533095825  99.40324004114419
26.839076742455674  99.84509411685724
25.38862537244937  100.68052800111487
50.71998221810146  0.42259854668510116
50.59336665198723  -0.39112504196994935
50.16282734931591  2.9215953852613463
49.55602474449338  0.04919488257688366
49.63137310981079  1.5954157501405168
48.80671502380388  -0.2023485723428551
49.42240450348549  0.020928421544336065
49.31896224696014  -0.3567266142678959
49.69390183740596  0.5992799671444358
51.754353831894875  -0.23978407373219926
50.30363829165226  0.03757149541595232
51.22543648564211  -0.9380646543498412
49.83645714128498  -1.6028223433304103
50.207216603350204  -1.5682621740622225
50.8634679143814  -0.9496524265377974
48.45206709121855  -1.0122606234646752
51.00499693854302  -0.8560052980533563
49.80408492033461  -0.39294948634792987
50.56567191796  1.2228045153810834
50.961007583269655  0.5160835705532698
48.99854878307051  33.601711808488055
51.176554815507146  33.05216353288641
50.316182016232425  34.41985462155425
48.209327004015734  34.08262573503714
50.06365543111233  33.72398653087498
48.69287935318677  32.99784421726884
51.183908085452344  33.48925029157067
49.22505238899446  34.09950106044821
49.87404235985627  32.66708177751676
50.78561409993539  34.04402385843448
51.45574727088957  33.74760444143135
51.053175869319716  34.16217439861683
49.651984706143836  34.918603554312874
49.71059334776535  35.696143711247224
50.93268570487239  33.677826441862294
49.00806801311832  32.552872951681245
49.7887749754135  33.30842077838311
51.296672517157994  33.15115005056116
47.7675943573646  32.018647382280875
49.42632222939251  32.73855410687076
50.7841994344637  66.915966404057
48.52196377469484  66.52304235354288
49.033872464245256  67.44914637673845
48.59495839887164  68.52168437415794
49.853568294131094  68.28003817679091
50.26776359300077  67.7674413887478
51.20990457530803  65.46552115393253
49.65290588315687  64.88284976326376
50.01938420215891  65.24306199004724
51.06748312345303  66.91404185400181
52.336123988996235  66.73601379961907
49.40280356339243  66.45846325263474
50.14543406980138  65.36609270522557
48.55778744657287  67.38509559822342
49.82355439737274  66.80301200938884
49.778001982988734  68.04747121354889
49.17626204383868  64.16724759293956
49.55365032027781  65.19615683644507
48.45776147404888  66.44773949453621
50.57953890133152  65.86221191742311
50.24693838987738  100.30676130824024
48.922842616250385  99.569496648668
49.10524704048146  99.33564218412857
49.80629939311679  98.59450672143471
49.90251330892942  98.70398860859946
50.64737116418986  101.00525238447949
49.57420404986158  99.1178867569342
50.18247093916636  101.29736491593063
49.564339635784776  101.15513188997728
50.49550364071868  99.2980810578544
49.16957662659523  99.31230343990988
51.16375347098014  99.59932862538477
51.48110076449299  100.34155222309421
49.20114551965912  100.47569966990159
48.81859358222077  98.15011630552785
49.43625996010381  100.21717852317147
49.4360260454588  100.87214333823067
49.564321710495356  101.09573881284268
50.0791550025424  99.32663687689536
50.40648443604627  97.17944427885358
74.40620531148306  -1.6217980742295444
76.25192423546886  0.6744603418719012
75.2407995996428  -1.317611579907205
76.21358900653506  -0.2190817661738956
74.14536346042117  0.9697189482921338
75.14066217488659  1.8431116321226575
75.77910851620325  1.4252272020627388
73.14024777718065  -0.47288992645660044
75.7507541978168  -0.8914607217149663
73.32056702135719  0.7509070026740289
75.11056828818192  -0.37474301690698936
74.12253960102657  -0.16843244670673876
75.8697331254737  0.8066873141366838
74.8338933157548  -1.563413362571773
76.45240850602156  0.19398392542536416
74.68254784390811  -0.3694768608910341
74.3731895917954  -1.8960774416845083
74.55801208226426  -0.1394879609743277
74.84579719423539  -1.506347177730238
75.45512224743746  1.6852105219967677
76.50010514637914  32.72468867104025
77.13483928555237  32.27175182397321
76.30829741293707  32.73834700019129
75.72940947017955  34.23330438418861
74.83346244852751  33.398062727246916
76.50955294534026  32.82028696428799
75.65429231003374  32.081965460409684
74.5611579718018  32.61873218866498
73.7928896991605  34.013016784737054
72.99269454952154  32.874440018782146
75.03181781870163  33.42168312980475
75.13824490956901  33.15748774710963
75.59172530169552  34.117900174797676
75.68117218824749  31.32415218820536
76.69961927817998  33.437258127168285
74.51506792173716  32.95162854958733
74.93577637265567  33.39653729873873
75.64226441021557  33.974588200124764
77.02844810721521  33.23406421369518
74.74615721849315  32.930991811602155
74.86050720338221  65.31678081781115
74.95026975678238  67.6829574610576
75.65734310605784  66.19551485058231
75.81341736320883  67.71289267695093
76.77430724540835  66.89852302229185
76.28923335212208  66.78044896409439
74.57683484735135  65.59871166650815
76.50587698625097  65.04688014035013
75.29911547303439  68.52824423191582
74.45858525809413  66.65353299210828
75.7654391801555  68.43700299046112
76.89604973542379  66.64615030077552
75.54022491531963  66.32366375840985
76.06937179129206  67.77086949707592
74.81301823333769  66.45626488138537
74.60829517572543  66.55985182772535
74.1620842077055  67.7614678308751
74.56625285105096  66.35433272826421
74.73662592782391  67.15849738353086
75.56854968919157  66.88549163750572
75.70846942347973  100.1498763638472
76.52383260948561  98.22507576946576
72.81272818086975  99.40444097978458
74.40801284639316  100.81921496467204
74.97120240656665  101.97014273142271
74.84359989847746  100.81743438235985
74.57048972927677  99.01444612082959
73.74341496653443  100.7822952059933
73.22071255923971  99.65005420365176
73.90212476890802  99.27020477071802
76.92574744049763  100.73148837254308
76.63880488259484  100.18398614197785
75.30770629073999  101.77129796332612
73.48236051296396  100.80734785251497
75.62882336090249  101.57737962910312
75.73726098980757  99.90303926465351
75.38422587344563  100.05510458035532
74.38539667857641  100.14626325333984
75.15075737259306  100.7328149771501
74.94194389132412  98.5597051598284
100.36966597920211  0.494299799964598
99.5328406738485  -1.9239667481080038
100.02446170940566  2.1506991292223097
101.86968812117856  -0.6389268501241973
100.6331616333522  1.0032008404602932
101.35894279735334  0.012736764558531727
99.5567122478757  1.8581341675628953
100.88106622567257  -0.6099563245183068
101.67541566335366  -1.8365208319352149
100.75506871678147  -1.9237653126580276
102.07637514621084  -0.5558446129277468
100.47100972619452  0.07951376432861884
98.05673850978683  0.24578157235052864
100.40781776077603  1.1854573574040541
101.91398170892685  0.1564855817802767
100.82984219025975  0.09266967362269392
100.31915667435524  -2.017905200050676
97.60269127901026  1.2378183556884845
100.39144495964275  0.4047911133899931
98.89693805343839  0.1484541923618391
99.51702047167376  31.54191525002974
101.44789583824135  34.9952852703297
99.27267538097647  33.66217365963477
98.90634916359593  33.079730574871206
99.02167929377327  33.4235338560771
100.15223082869718  33.479935546613646
100.443149813355  33.82272822621189
101.11078227963812  32.87187238444404
100.43148048925512  34.40644384873541
99.21802017223187  34.529196497129476
99.20318823561408  33.833837845367086
101.3817008357408  34.33838358945035
98.82825113699406  31.862855428562607
98.53850804845854  33.77465726123172
100.53288562688137  34.240747730036965
99.14497422237041  34.3635934029343
101.8248757820506  33.92475365333176
101.1263037951179  33.83158038249133
101.17506048416136  34.04116734269232
99.51706206289792  33.2805052004254
99.94618176416809  66.59086062644049
99.45823461473537  65.23302679536505
99.13363180207621  66.43577281840844
100.75793732954891  66.96240159337098
100.35266857702806  66.9451470945376
100.51395696262571  65.96926963382471
99.02832249940721  65.92054932952028
100.80243533699378  67.63940218380986
99.09847031737726  66.89280316619586
100.10472232693343  67.20786415825266
99.73781892991745  65.26860423742137
100.28698783184201  65.13150297435489
98.34390027796651  65.83466402338621
101.45319510392139  66.38425624430354
101.28222156640996  65.59335597915755
99.72611145797255  65.80480231223137
98.75155554587772  67.526648683429
100.5440079358806  66.09433304036655
99.58171798300752  66.9172217332307
102.76900712866524  65.77011763427598
100.47105952940588  97.69515723326151
99.63117635236446  99.18806247976495
100.66449162870504  99.98849770787272
100.16919786579292  100.94033068302257
99.62105267400112  100.05502933624686
100.51265884365205  100.32391483471184
100.98454362611733  98.58517283563312
99.0597539875058  98.66224831660622
101.81657528263347  100.7910825621355
100.40437121775317  100.32210855065735
99.85760509719786  99.35452983106346
100.6699752247022  100.40976554647571
98.0882747941147  101.02103395133463
98.73598438264216  99.94439516578676
101.48252452925162  100.8824541183828
99.84391476996123  100.43170504257394
100.84574232306467  101.51904012221209
102.24256334550128  99.43336927562828
99.50865429073487  98.70844956267716
98.00298891031822  101.54440085027973
